1:9,7,3,8,9,4,2,3,1,4,9,7,2,1,8,6,2,8,8,9,9,3,4,9,9,2,1,3,1,9
2:7,9,9,8,7,7,3,7,4,8,5,1,6,5,3,9,5,2,8,8,8,7,3,8,7,4,5,2,7,7
3:3,7,2,3,9,2,4,4,4,6,4,7,4,4,5,9,1,3,8,2,4,8,6,7,7,4,8,5,7,8
4:7,9,5,8,3,7,1,8,9,8,8,2,8,8,9,8,1,3,5,8,5,8,3,6,8,4,2,3,4,8
5:7,7,6,5,3,8,6,2,9,7,6,3,4,7,1,7,5,1,8,1,1,5,8,2,1,9,8,5,6,2
6:2,8,1,6,9,1,4,2,8,1,7,3,1,5,4,3,2,1,2,5,7,5,3,5,4,8,8,9,2,8
7:3,7,2,8,4,2,7,4,3,9,6,1,3,8,8,3,2,8,4,3,8,7,4,2,9,8,4,2,6,4
8:6,6,5,1,9,3,5,3,8,1,7,8,2,4,9,7,3,7,6,5,9,2,1,6,8,4,8,1,8,7
9:7,6,9,6,4,9,4,7,3,9,4,6,1,9,7,1,9,7,3,6,6,5,6,3,2,2,4,7,1,3
10:7,9,7,3,4,7,5,7,7,8,6,3,4,2,7,6,6,4,8,6,6,2,1,5,4,8,5,7,3,6
11:4,8,1,4,5,7,1,4,4,9,9,9,5,1,7,9,5,8,9,7,1,9,7,6,1,9,8,5,7,9
12:3,7,2,3,9,2,4,4,4,6,4,7,4,4,5,9,1,3,8,2,4,8,6,7,7,4,8,5,7,4
13:3,8,6,8,3,9,2,3,2,3,4,2,1,8,2,5,9,1,4,3,8,5,9,4,8,9,8,3,5,7
14:7,6,2,1,2,5,9,1,3,8,9,6,8,6,5,8,8,6,1,1,7,7,4,3,5,7,8,3,4,7
15:6,6,7,1,2,3,6,2,4,1,8,8,9,8,2,4,4,3,5,5,4,8,6,1,8,2,8,8,5,9
16:6,5,2,1,1,4,1,2,8,3,8,1,9,1,5,7,5,3,1,3,3,5,2,3,6,7,9,6,1,8
17:1,6,6,6,2,5,1,9,1,4,1,3,8,7,8,3,4,1,5,2,1,8,1,3,7,9,1,1,9,9
18:2,8,6,9,3,6,1,7,1,6,1,4,9,9,9,6,5,9,9,3,3,4,9,3,3,9,2,4,5,9
19:9,1,1,4,9,6,7,4,4,9,5,8,6,8,7,8,6,2,8,8,1,6,3,6,6,7,2,2,4,3
20:4,5,5,1,5,2,9,3,4,6,8,7,2,9,9,2,2,6,4,2,5,3,2,4,4,3,7,8,2,7
21:9,3,2,9,1,4,3,6,6,8,3,1,5,4,9,3,5,9,1,7,5,3,5,9,6,8,8,7,4,7
22:9,1,4,9,4,4,8,7,2,3,2,3,4,1,8,3,8,4,6,2,3,9,5,4,9,8,3,8,3,6
23:6,9,2,7,5,7,4,7,8,3,8,8,6,9,2,4,3,3,3,8,4,5,3,9,4,6,5,7,7,7
24:5,4,1,3,8,7,2,9,1,9,9,2,2,9,6,8,6,4,2,8,2,1,8,6,1,6,6,9,9,3
25:7,5,2,4,4,6,9,1,9,5,6,5,5,4,2,7,8,5,4,4,5,7,7,3,1,8,3,1,7,2
26:9,4,8,1,8,9,6,7,9,1,7,1,9,3,6,1,1,5,4,4,7,3,7,5,3,2,3,4,5,4
27:5,7,7,3,1,2,4,7,9,9,9,1,3,1,1,5,3,7,1,8,2,8,1,3,1,3,8,9,6,2
28:8,4,6,1,4,4,8,3,3,4,4,9,8,8,4,7,3,5,3,9,9,6,2,1,6,5,1,9,8,1
29:6,8,4,9,9,5,1,6,3,4,1,9,2,7,2,6,4,4,6,6,4,9,8,2,8,5,2,1,4,8
30:8,4,7,1,5,5,5,7,4,6,5,3,9,6,6,1,2,2,1,4,2,8,4,1,4,4,9,3,1,6
31:5,6,7,7,3,9,5,8,5,6,3,6,5,5,4,1,6,4,6,7,6,5,3,2,3,6,6,4,2,4
32:2,8,1,6,9,1,4,2,8,1,7,3,1,5,4,3,2,1,2,5,7,5,3,5,4,8,8,9,2,4
33:6,8,2,2,2,2,2,3,6,7,2,7,5,3,1,4,7,4,4,8,3,9,4,5,8,2,1,5,4,2
34:9,6,9,6,8,8,4,5,5,7,2,3,9,2,2,3,7,7,1,9,9,7,3,8,4,4,1,5,1,5
35:4,6,8,4,3,8,3,9,7,9,1,1,4,9,6,1,5,5,4,8,3,8,2,8,8,2,8,2,2,1
36:1,9,2,4,3,3,1,2,9,9,1,7,5,3,7,7,2,1,7,4,9,3,9,8,8,2,8,7,7,1
37:9,1,7,8,5,1,7,1,5,7,4,9,9,5,3,7,3,3,1,3,8,2,9,4,2,6,5,9,6,6
38:2,9,8,4,2,1,4,6,4,1,9,2,8,3,5,8,9,9,4,9,7,2,4,9,8,2,9,7,1,8
39:9,6,9,6,8,8,4,5,5,7,2,3,9,2,2,3,7,7,1,9,9,7,3,8,4,4,1,5,1,1
40:4,6,2,7,8,4,6,1,2,2,2,5,1,3,3,3,1,8,3,5,6,6,9,4,4,9,8,9,4,3
41:9,7,2,6,6,3,4,7,8,8,9,6,9,7,2,6,9,4,9,5,1,5,4,1,6,9,2,1,6,3
42:3,5,3,8,6,2,5,2,4,8,2,6,6,3,5,5,9,4,4,9,5,6,1,1,7,9,1,9,1,9
43:3,9,7,3,5,2,5,5,8,9,1,5,6,3,6,5,3,5,5,2,3,3,7,3,1,8,4,3,8,2
44:1,9,6,2,8,8,9,8,4,3,2,8,1,1,9,3,2,9,9,7,9,2,4,9,5,7,3,6,2,6
45:1,9,6,2,8,8,9,8,4,3,2,8,1,1,4,3,2,9,9,7,9,2,4,9,5,7,3,6,2,1
46:6,7,1,5,1,6,8,8,7,4,5,7,4,4,9,4,7,5,9,8,9,3,5,8,2,6,2,1,7,6
47:9,8,4,5,6,8,1,7,2,3,7,3,1,5,6,8,9,7,7,7,8,9,8,1,3,8,9,8,6,6
48:2,7,7,6,3,8,8,5,8,9,6,2,1,5,3,2,1,8,7,7,8,3,1,9,4,1,9,7,2,7
49:2,5,6,1,3,7,3,4,2,6,6,9,4,9,2,1,5,4,6,3,1,3,6,8,6,9,6,2,9,6
50:1,8,6,4,4,4,9,5,2,1,2,4,5,5,5,5,1,4,3,2,9,3,7,3,2,9,5,7,7,6
51:2,5,8,1,9,1,6,6,3,5,3,7,6,6,9,5,5,1,6,1,7,1,5,1,2,6,3,7,9,4
52:8,4,7,1,5,5,5,7,4,6,5,5,9,6,6,1,2,2,1,4,2,8,4,1,4,4,9,3,1,2
53:4,2,7,7,6,1,8,1,5,5,1,6,9,6,7,3,4,3,4,1,4,4,8,9,5,4,9,8,1,4
54:1,3,5,7,9,5,7,4,4,1,2,9,9,1,1,3,7,3,1,8,9,8,6,7,7,4,7,3,3,7
55:9,1,7,8,5,1,7,1,5,7,4,9,9,5,3,7,3,3,1,3,8,2,9,4,2,6,5,9,6,5
56:4,2,7,7,6,1,8,1,5,5,1,6,9,6,7,3,4,3,4,1,4,4,8,9,5,4,9,8,1,5
57:2,7,7,6,3,1,8,5,8,9,6,2,1,5,3,2,1,8,7,7,8,3,1,9,4,1,9,7,2,7
58:1,2,2,6,7,7,1,6,7,9,8,7,7,1,1,6,9,9,6,2,1,4,9,8,1,6,7,7,8,2
59:6,9,3,9,3,6,1,6,2,2,9,4,8,1,1,5,1,2,3,5,4,1,4,4,8,9,4,8,4,9
60:3,1,6,7,8,6,6,7,6,9,4,2,9,7,1,9,9,2,6,9,1,3,9,1,9,5,7,2,5,4
61:2,3,3,8,1,6,1,1,4,4,1,1,1,9,4,1,5,7,3,1,2,9,2,1,8,3,6,4,3,4
62:2,3,3,8,1,6,1,1,4,4,1,1,1,9,4,1,5,7,3,1,2,1,2,1,8,3,6,4,3,4
63:9,7,3,8,9,4,2,3,1,4,9,7,2,1,8,6,2,8,8,9,9,3,4,9,9,2,1,3,1,6
64:5,6,7,7,1,9,7,2,3,4,1,5,7,5,1,1,3,7,2,9,6,6,6,8,9,9,6,9,9,4
65:6,2,5,1,4,9,8,2,4,1,1,8,9,6,8,6,9,1,2,9,7,5,9,7,4,9,9,9,6,2
66:9,9,1,1,1,6,7,5,7,1,1,9,2,2,6,2,8,8,8,9,1,7,6,8,5,9,3,1,4,9
67:4,4,5,8,4,4,5,3,3,2,4,6,3,7,3,6,5,5,3,7,6,3,7,4,7,8,8,2,8,5
68:6,2,6,5,5,3,3,9,6,6,9,3,7,5,2,3,2,8,6,4,9,7,1,1,8,7,1,6,1,5
69:1,6,2,9,5,9,5,5,2,6,3,9,5,9,3,4,9,7,1,2,3,3,2,3,8,6,4,5,9,8
70:6,9,4,5,7,7,5,7,4,8,1,7,3,3,3,3,7,3,9,6,2,8,9,6,8,1,1,2,1,1
71:8,6,7,4,3,8,5,1,8,2,9,4,7,6,7,4,8,6,2,5,1,2,7,4,6,2,4,2,3,8
72:6,9,4,5,3,8,3,6,9,5,7,8,7,2,6,4,1,8,5,5,4,3,9,8,3,8,5,5,9,7
73:1,6,4,1,2,5,8,4,1,6,7,5,8,6,1,4,4,3,1,3,5,8,3,9,8,9,7,9,8,3
74:5,5,6,1,9,5,2,3,6,9,7,7,4,9,9,1,6,3,7,1,9,3,8,6,6,1,2,4,4,5
75:1,3,4,2,4,5,7,3,1,5,9,2,8,1,2,6,3,9,6,2,2,9,4,5,8,5,7,3,5,1
76:6,2,1,8,4,7,2,2,6,5,7,5,9,3,4,3,5,1,8,8,1,3,7,1,8,5,8,6,5,2
77:3,7,7,3,1,2,4,7,9,9,9,1,3,1,1,5,3,7,1,8,2,8,1,3,1,3,8,9,6,2
78:1,2,9,3,7,1,2,9,9,8,7,5,6,6,5,7,6,4,8,7,2,1,2,7,7,3,5,6,2,3
79:8,4,3,4,1,5,7,5,9,5,6,1,4,9,3,2,6,3,6,2,9,6,5,6,6,2,3,8,2,4
80:3,5,6,3,9,8,2,4,5,5,8,9,4,1,3,7,5,8,2,3,9,1,6,4,5,1,8,4,2,1
81:1,2,9,8,9,7,9,8,2,6,9,8,4,1,3,5,2,7,8,6,5,4,1,6,1,8,9,3,9,6
82:6,6,8,3,7,8,7,7,2,2,9,3,9,8,6,1,7,7,7,2,4,9,6,2,8,4,8,1,8,8
83:9,4,7,5,4,7,4,4,5,4,5,6,4,2,8,5,4,1,2,8,8,5,6,2,9,5,3,6,2,8
84:6,3,3,6,4,8,8,3,5,5,5,5,9,3,7,5,8,2,9,3,8,5,2,2,2,8,4,6,5,9
85:5,8,4,5,5,7,9,5,6,6,2,1,4,5,7,6,2,5,6,9,2,9,8,5,6,4,5,4,3,5
86:4,4,6,4,4,7,4,3,6,6,1,5,9,1,2,2,9,5,1,7,9,8,4,3,9,1,1,7,5,7
87:9,1,1,4,9,6,7,4,4,9,5,8,6,8,7,8,6,2,8,8,1,6,3,6,6,7,2,2,4,7
88:5,3,1,2,8,4,9,2,9,2,7,7,4,3,6,7,4,7,9,8,8,3,2,4,1,4,9,9,6,3
89:4,4,5,6,6,8,3,4,1,9,4,4,8,1,5,3,1,4,1,9,6,6,8,5,6,5,3,4,7,7
90:4,3,2,8,4,2,6,2,1,8,6,6,6,1,8,4,9,2,9,1,8,9,5,2,8,2,5,1,7,1
91:3,5,6,3,9,8,2,4,5,5,8,9,4,1,3,7,5,8,2,3,9,1,6,4,5,1,8,4,2,1
92:5,5,6,1,9,5,2,3,6,9,7,7,4,9,3,1,6,3,7,1,9,3,8,6,6,1,2,4,4,9
93:1,5,9,3,8,1,2,7,7,4,7,8,8,1,8,9,1,1,6,4,9,1,7,1,1,1,3,5,1,3
94:2,7,8,8,6,7,2,1,2,1,5,1,9,9,8,3,5,6,1,5,9,8,2,6,9,4,7,8,4,2
95:6,6,7,1,2,3,6,2,4,1,8,8,9,8,2,4,4,3,8,5,4,8,6,1,8,2,8,8,5,8
96:8,7,3,8,4,6,5,6,2,2,1,5,6,8,5,8,5,6,7,4,8,3,8,6,3,9,6,9,3,7
97:1,3,5,4,2,9,3,5,4,2,1,7,2,2,2,3,9,3,3,8,7,2,7,3,8,8,3,2,3,1
98:2,5,7,3,8,4,5,3,4,2,9,3,6,3,7,1,3,9,2,3,4,7,1,4,3,1,6,6,8,2
99:7,7,6,5,3,8,6,3,9,7,6,3,4,7,1,7,5,1,8,1,1,5,8,2,1,9,8,5,6,2
100:1,1,3,1,9,5,6,1,1,2,5,5,2,9,2,3,6,6,4,6,6,8,4,9,2,7,9,6,4,4
101:5,7,1,8,7,3,6,3,2,4,7,7,8,7,9,4,6,2,5,2,3,6,4,1,9,9,5,5,7,2
102:2,6,2,2,8,8,3,8,4,2,2,8,6,8,5,1,6,1,2,2,9,1,7,8,2,8,3,4,7,9
103:2,9,8,4,2,1,4,6,4,1,9,2,8,3,5,8,9,9,4,9,7,2,4,9,8,2,9,7,1,8
104:6,5,8,5,4,1,9,8,7,1,7,8,8,7,2,6,9,4,3,8,5,7,3,5,2,6,3,8,4,6
105:6,6,5,8,9,3,5,3,8,1,7,8,2,4,9,7,3,7,6,5,9,2,1,6,8,4,8,1,8,7
106:5,7,3,7,3,1,7,4,3,6,7,3,8,6,6,3,5,6,3,4,7,1,2,9,8,6,6,8,4,9
107:1,6,6,6,2,5,1,9,1,4,1,3,8,7,8,3,4,1,5,2,1,8,1,7,7,9,1,1,9,9
108:9,8,6,1,4,3,7,3,3,8,1,8,3,6,4,8,1,4,1,1,3,6,3,1,4,5,6,4,8,7
109:1,9,7,9,4,7,2,1,4,4,3,2,4,5,1,8,8,4,5,9,3,8,7,4,7,6,7,1,3,6
110:4,6,8,4,3,8,3,9,7,9,1,1,4,9,6,1,5,5,4,8,3,8,2,8,8,2,8,2,2,6
111:3,7,8,4,7,9,7,2,6,2,3,2,9,7,3,3,5,3,9,2,2,7,2,3,1,1,8,4,7,5
112:1,3,3,2,3,3,5,3,6,6,1,5,9,8,3,7,4,2,3,3,6,5,5,7,4,9,6,2,5,1
113:7,9,7,6,9,4,8,8,6,1,8,8,1,2,2,9,2,8,1,4,9,6,7,4,3,4,1,5,8,3
114:8,8,1,6,9,1,4,2,8,1,7,3,1,5,4,3,2,1,2,5,7,5,3,5,4,8,8,9,2,8
115:4,2,4,5,4,9,4,3,9,8,9,9,6,3,5,7,5,8,2,8,6,8,9,7,4,9,8,8,5,9
116:7,6,2,1,2,7,9,1,3,8,9,6,8,6,5,8,8,6,1,1,7,7,4,3,5,7,8,3,4,7
117:6,6,7,1,2,3,6,2,4,1,8,8,9,8,2,4,4,3,5,5,4,8,6,1,8,2,8,8,5,8
118:4,6,9,7,3,3,1,4,9,7,9,4,6,9,4,4,7,3,4,2,4,7,3,9,3,4,5,7,4,8
119:2,8,4,8,2,5,6,1,8,3,9,1,9,1,4,1,4,5,7,4,2,3,1,3,6,8,7,2,2,1
120:8,9,5,5,6,6,3,7,5,8,3,6,2,9,4,7,8,5,1,2,2,8,5,9,7,8,5,8,9,1
121:4,6,2,1,7,2,3,7,5,2,9,9,2,7,5,6,7,2,7,8,3,6,1,2,4,3,9,5,1,3
122:1,2,9,3,7,1,2,9,9,8,7,5,6,6,5,7,6,4,8,7,2,1,2,7,7,3,5,6,2,3
123:3,1,9,7,9,5,4,7,2,7,3,5,9,4,5,9,5,9,1,9,5,2,4,8,9,6,1,6,2,1
124:2,8,4,5,2,5,6,1,8,3,9,1,9,1,4,1,4,5,7,4,2,3,1,3,6,8,7,2,2,1
125:1,6,6,6,4,4,6,2,4,9,1,1,5,3,6,2,5,7,8,8,6,2,2,4,5,1,5,7,1,3
126:3,9,7,3,5,2,5,5,8,9,1,5,6,3,6,5,3,5,5,2,3,3,7,3,1,8,4,3,8,3
127:3,3,4,4,3,1,8,5,4,2,6,4,8,3,4,9,4,8,8,9,4,1,1,1,3,5,7,3,4,4
128:5,8,4,5,5,7,9,5,6,6,2,1,4,5,7,6,2,5,6,9,2,9,8,5,6,4,5,4,3,7
129:4,4,1,2,2,1,5,9,9,5,4,5,4,8,2,4,6,8,9,9,2,3,4,6,3,5,8,6,6,4
130:6,2,1,8,4,7,2,2,6,5,7,5,9,3,4,3,5,1,8,8,1,3,7,1,8,5,8,6,5,2
131:6,7,9,1,5,8,3,3,3,8,9,3,3,9,7,8,7,5,8,2,1,2,8,2,7,5,2,6,1,2
132:5,2,1,9,6,5,2,2,2,6,9,9,9,2,8,1,4,7,3,2,8,7,4,5,5,5,8,5,4,8
133:7,9,2,7,6,1,6,2,4,5,3,8,4,5,6,7,7,6,6,1,6,9,1,4,5,5,6,3,9,3
134:9,9,5,5,7,1,2,1,5,4,8,4,2,5,4,2,6,6,1,2,3,7,7,2,3,1,8,7,5,7
135:3,3,5,3,3,1,2,3,6,4,3,1,2,1,1,4,2,4,2,5,4,9,8,2,7,9,5,4,5,3
136:7,4,8,7,5,7,7,7,5,7,3,1,6,9,5,7,2,6,1,6,1,7,8,6,2,5,6,7,6,6
137:2,6,5,6,7,2,1,8,6,2,6,2,9,8,1,7,6,1,2,8,6,7,2,1,6,7,9,7,3,5
138:4,7,7,7,9,6,8,3,9,3,2,5,2,9,7,6,7,6,2,3,9,9,6,7,4,7,5,9,1,5
139:7,6,9,6,4,9,4,7,3,9,4,6,1,9,7,1,9,7,3,6,6,5,6,3,2,2,4,7,1,1
140:3,5,3,8,6,7,5,6,3,1,6,2,8,1,8,9,1,2,3,7,2,3,6,7,9,9,6,3,6,4
141:2,1,5,4,1,3,7,2,6,3,3,7,1,2,1,3,9,2,7,1,3,9,7,2,8,9,9,8,7,9
142:9,3,7,2,4,5,2,8,5,8,2,6,6,9,8,6,4,2,5,2,5,5,2,5,8,3,4,6,2,2
143:6,5,8,1,6,2,9,4,1,2,8,2,9,5,9,4,3,5,5,8,6,6,9,8,6,3,6,4,8,2
144:2,1,2,3,6,5,3,8,8,3,6,2,2,4,9,5,3,5,5,5,8,9,9,3,1,1,2,1,3,4
145:4,9,1,5,8,2,5,2,3,2,2,2,8,8,9,6,5,2,2,3,3,3,9,2,1,2,7,2,1,9
146:1,3,7,3,8,8,2,9,6,3,5,7,4,3,4,4,5,9,8,5,6,7,4,8,9,2,2,2,3,7
147:7,6,9,9,1,8,8,8,1,5,4,9,7,6,4,4,3,4,8,5,7,4,7,5,1,2,8,2,3,3
148:3,9,9,9,1,6,2,3,1,5,8,9,4,6,9,3,4,7,4,7,5,1,6,1,8,5,9,1,8,4
149:7,3,6,3,4,2,9,3,1,8,6,7,9,8,9,1,8,2,1,7,4,4,1,3,1,7,4,2,1,6
150:1,1,1,2,7,5,4,2,7,2,2,6,1,6,9,2,5,6,2,4,1,3,8,5,4,5,8,5,7,4
151:4,4,8,3,5,3,7,3,8,6,1,2,7,1,5,7,1,5,1,3,5,3,6,4,2,8,4,7,7,8
152:1,2,9,3,7,1,2,9,9,8,7,5,6,6,5,7,6,4,8,7,2,1,2,7,7,3,5,6,2,4
153:3,5,3,8,6,2,5,2,4,8,1,6,6,3,5,5,9,4,4,9,5,6,1,1,7,9,1,9,1,9
154:5,1,9,6,4,1,2,6,2,2,3,3,8,8,3,5,6,6,6,6,1,7,7,1,8,1,8,1,3,1
155:1,5,3,4,7,9,6,2,6,9,2,6,3,5,9,3,9,1,4,4,5,1,1,9,5,9,2,2,7,6
156:3,1,8,4,4,4,9,9,3,9,3,6,1,8,3,9,7,3,7,9,7,2,1,3,2,8,2,9,3,1
157:9,6,9,8,6,1,5,9,8,3,4,7,4,3,2,4,4,5,8,8,8,1,6,6,2,2,4,7,3,6
158:3,3,4,4,3,5,8,5,4,2,6,4,8,3,4,9,4,8,8,9,4,1,1,1,3,5,7,3,4,4
159:4,8,1,4,5,7,1,4,4,9,9,9,8,1,7,9,5,8,9,7,1,9,7,6,1,9,8,5,7,9
160:5,9,2,2,7,5,3,7,5,3,1,7,9,7,7,8,4,9,7,7,8,5,6,3,8,9,9,6,6,9
161:6,4,6,7,9,1,2,4,8,2,3,6,9,6,7,1,8,7,9,1,3,4,2,1,7,5,2,7,4,7
162:4,7,2,8,4,5,5,9,7,4,5,7,4,5,6,3,4,8,6,2,2,2,4,1,5,8,6,1,3,3
163:9,4,7,5,4,7,4,4,5,3,5,6,4,2,8,5,4,1,2,8,8,5,6,2,9,5,3,6,2,8
164:1,9,7,9,4,7,2,1,4,4,3,2,4,5,1,8,8,4,5,9,3,8,7,4,7,6,7,1,3,3
165:9,8,4,4,9,8,6,5,4,4,3,1,6,1,8,3,7,4,4,5,8,3,6,1,3,5,4,8,8,9
166:4,2,1,9,1,9,2,5,3,6,9,9,8,5,2,7,3,6,3,4,5,5,4,2,1,7,3,4,1,5
167:9,1,4,9,4,4,8,7,2,3,2,3,4,1,8,3,8,4,6,2,3,9,5,6,9,8,3,8,3,6
168:7,1,3,9,4,1,6,3,3,6,2,3,9,2,7,3,4,1,8,9,8,1,2,7,9,5,4,9,9,6
169:9,3,7,2,4,5,2,8,5,8,2,6,6,9,8,6,4,2,5,2,5,5,2,5,8,3,4,6,2,1
170:9,8,6,5,4,3,7,3,3,8,1,8,3,6,4,8,1,4,1,1,3,6,3,1,4,5,6,4,8,7
171:6,8,2,2,2,2,2,3,6,7,2,7,5,3,1,4,7,4,4,8,3,9,8,5,8,2,1,5,4,2
172:3,1,8,6,4,8,8,3,3,3,2,6,6,8,8,9,7,8,8,5,7,5,5,5,9,4,9,9,4,8
173:3,5,2,9,5,2,6,9,6,8,7,9,2,3,7,4,6,8,7,7,1,9,6,5,5,7,5,5,7,7
174:1,2,2,6,7,7,1,6,7,4,8,7,7,1,1,6,9,9,6,2,1,4,9,8,1,6,7,7,8,2
175:4,9,1,1,7,1,9,1,5,8,2,7,2,1,4,9,5,6,9,8,9,6,3,9,4,3,1,5,8,3
176:4,2,1,3,1,9,2,5,3,6,9,9,8,5,2,7,3,6,3,4,5,5,4,2,1,7,3,4,1,5
177:3,5,6,3,9,8,2,4,5,5,8,9,4,1,3,7,5,8,2,3,9,1,6,4,5,1,8,4,2,8
178:7,6,9,9,2,1,1,1,8,7,1,2,1,5,1,4,3,4,3,3,3,9,2,7,9,2,6,5,8,3
179:3,5,3,3,3,9,5,7,3,4,2,5,2,4,2,3,9,4,8,6,5,8,8,2,2,6,2,4,3,5
180:5,7,7,3,1,2,4,7,9,9,9,1,3,1,1,5,3,7,1,8,2,8,1,3,1,3,8,9,6,3
181:6,2,1,8,4,7,2,2,6,5,7,5,9,3,4,3,5,1,8,8,1,3,7,1,8,5,8,6,5,2
182:4,8,1,4,5,7,1,4,4,9,9,9,8,1,7,9,5,8,9,7,1,9,7,6,1,9,8,5,7,9
183:2,8,4,5,2,5,6,1,8,3,9,1,9,1,4,1,4,5,7,4,2,3,1,3,6,8,7,2,2,5
184:3,5,3,8,6,7,5,6,3,1,6,2,8,1,8,9,1,2,3,7,2,3,6,7,9,9,6,3,6,7
185:2,3,2,3,7,9,5,8,5,5,6,1,8,3,6,3,1,9,4,2,3,3,1,1,7,2,7,1,6,6
186:1,9,2,4,3,3,1,2,9,9,1,7,5,3,7,7,2,1,7,4,9,3,9,8,8,2,8,7,7,6
187:1,5,3,5,7,3,5,9,7,5,7,4,5,4,1,8,6,1,4,8,6,2,6,4,2,9,8,6,1,9
188:2,9,8,4,2,9,4,6,4,1,9,2,8,3,5,8,9,9,4,9,7,2,4,9,8,2,9,7,1,8
189:9,8,4,8,3,6,4,4,4,2,7,7,7,2,3,1,1,6,4,2,8,1,4,4,2,7,5,9,5,8
190:5,5,3,5,9,2,3,4,7,2,9,3,8,3,4,7,5,4,8,2,6,4,3,7,7,1,3,7,7,2
191:6,5,8,1,6,2,9,4,1,2,8,2,9,5,9,7,3,5,5,8,6,6,9,8,6,3,6,4,8,9
192:9,8,4,5,6,8,1,7,2,3,7,3,1,5,6,8,9,1,7,7,8,9,8,1,3,8,9,8,6,7
193:1,6,6,6,2,5,1,9,1,4,1,3,8,7,8,3,4,1,5,2,1,8,1,7,7,9,1,1,9,7
194:2,4,2,6,1,9,3,8,6,2,2,9,4,7,5,7,5,7,3,1,6,6,8,5,4,6,6,1,2,2
195:7,3,8,7,9,5,7,8,4,7,3,5,1,1,2,8,5,6,1,1,1,1,3,5,6,7,8,2,8,1
196:9,6,9,5,7,2,6,7,7,2,2,1,1,8,9,3,7,1,1,9,1,7,6,1,1,3,3,5,3,8
197:3,7,7,6,4,9,5,9,3,2,4,2,9,5,6,2,6,4,7,3,1,8,2,3,9,4,5,1,7,4
198:8,3,5,2,5,5,8,2,7,5,5,3,6,4,6,9,7,5,3,6,7,4,8,2,6,5,9,8,4,4
199:2,2,4,8,3,9,8,2,4,6,4,2,9,4,3,2,4,5,2,2,7,4,3,6,8,6,6,1,7,5
200:6,9,2,7,5,7,4,7,8,3,8,8,6,9,2,4,3,3,3,8,4,5,3,9,4,6,5,2,7,7
201:7,1,3,9,4,1,6,3,3,6,2,3,9,2,7,3,4,1,8,9,8,1,2,7,9,5,4,9,9,6
202:1,9,7,9,4,9,4,3,8,1,5,6,5,9,1,7,7,5,2,5,7,9,8,1,7,1,9,7,5,9
203:1,6,2,5,9,3,9,6,8,9,1,1,1,4,3,8,5,7,5,3,6,2,3,4,2,1,4,6,8,2
204:8,6,2,9,9,5,9,1,3,3,9,4,1,1,9,4,8,9,8,9,8,8,6,2,7,8,5,9,4,7
205:1,9,4,8,3,9,8,6,4,8,4,4,1,4,3,6,6,6,7,1,3,9,4,2,3,3,3,2,7,7
206:7,6,2,1,2,5,9,1,3,8,9,6,8,6,5,8,8,6,1,1,7,7,4,3,5,7,8,3,4,2
207:6,8,1,5,3,8,7,7,5,1,3,2,6,1,2,5,2,6,6,8,3,9,9,9,9,3,9,4,8,3
208:5,2,5,2,1,4,2,5,2,8,3,1,7,7,1,1,9,8,2,2,4,6,3,7,7,3,8,1,3,7
209:5,7,1,8,7,3,6,3,2,4,7,7,8,7,9,4,6,2,5,2,3,6,4,1,9,9,5,9,7,2
210:2,6,2,2,8,8,3,8,4,2,2,8,6,8,5,1,6,1,2,2,9,1,7,8,2,8,3,4,4,9
211:1,9,6,2,8,8,9,8,4,3,2,8,1,1,4,3,2,9,9,7,9,2,4,9,5,7,3,6,2,6
212:1,7,6,1,6,6,2,3,4,4,2,7,1,3,2,3,1,9,4,1,7,2,2,1,9,5,2,7,8,3
213:2,6,5,6,7,2,1,8,6,2,6,2,9,8,1,7,6,1,2,8,6,7,2,1,6,7,9,7,5,7
214:2,7,7,6,9,3,3,1,7,5,3,4,4,2,1,4,9,3,9,9,2,2,1,8,2,4,1,3,5,8
215:7,5,2,4,4,6,9,1,9,5,6,5,5,4,2,7,8,5,4,4,5,7,7,3,1,8,3,1,7,2
216:9,8,6,1,4,3,7,3,3,8,1,8,3,6,4,8,1,4,1,1,3,6,3,1,4,5,6,4,8,8
217:2,6,5,6,7,2,1,8,6,2,6,2,9,8,1,7,6,1,2,8,6,7,2,1,6,7,9,7,3,7
218:8,7,8,6,9,5,4,6,1,5,6,3,6,5,6,3,2,4,5,8,8,6,7,5,7,4,6,5,8,6
219:3,3,7,3,7,6,6,6,2,2,5,2,8,2,7,5,8,5,9,3,3,5,4,8,3,5,8,1,9,3
220:9,8,4,9,6,7,2,4,2,9,2,9,6,9,4,4,7,2,6,3,1,9,1,8,7,9,4,7,5,2
221:6,8,9,5,6,5,3,6,4,5,1,4,2,8,7,4,9,3,8,9,9,6,7,9,4,6,2,1,4,2
222:7,9,6,6,5,7,1,2,4,2,2,8,4,5,3,4,4,2,4,2,9,1,9,7,7,9,2,6,6,4
223:9,8,6,7,5,3,6,8,4,6,5,8,2,2,9,2,9,7,9,1,9,5,7,1,2,2,7,9,9,8
224:6,6,3,9,9,1,4,3,1,4,9,3,2,6,4,7,8,3,2,5,8,2,2,2,7,1,8,6,6,4
225:8,4,8,7,4,4,9,6,3,2,9,4,7,1,6,8,8,1,9,1,1,9,1,1,3,9,6,5,5,3
226:4,3,7,1,8,6,7,3,9,6,9,5,6,2,7,3,6,9,2,7,9,9,1,5,6,6,7,2,5,1
227:1,9,5,6,6,4,6,5,1,9,8,3,1,1,7,3,7,8,1,6,3,1,8,3,9,6,2,3,3,4
228:6,9,8,6,9,5,5,7,6,1,4,5,2,9,3,9,2,3,5,5,9,3,7,8,8,5,8,5,6,2
229:1,9,9,9,4,9,4,3,8,1,5,6,5,9,1,7,7,5,2,5,7,9,8,1,7,1,9,7,5,9
230:6,2,8,5,7,5,3,9,6,6,9,4,7,9,9,9,1,6,2,5,3,3,4,6,8,8,5,8,7,8
231:9,7,3,8,9,4,2,3,1,4,9,7,2,1,8,6,2,8,8,3,9,3,4,9,9,2,1,3,1,9
232:6,6,5,8,9,3,5,3,8,1,7,8,2,4,9,7,3,7,6,5,9,2,1,6,8,4,8,1,8,7
233:5,7,6,6,2,8,7,4,4,9,4,6,7,3,5,4,5,9,4,5,8,4,5,8,5,4,5,5,8,7
234:5,7,9,5,3,7,7,9,7,7,1,7,8,9,7,6,1,3,6,7,1,3,6,2,1,4,6,6,4,5
235:6,5,8,5,3,1,9,8,7,1,7,8,8,7,2,6,9,4,3,8,5,7,3,5,2,6,3,8,4,5
236:7,7,2,6,2,9,1,2,5,6,5,8,9,5,8,6,6,3,4,9,3,8,7,6,5,6,1,7,1,8
237:5,2,1,9,6,5,2,2,2,6,9,9,9,2,8,1,4,7,3,2,8,7,4,8,5,5,8,5,4,8
238:9,4,7,5,4,7,4,4,5,3,5,6,4,2,8,5,4,1,2,8,8,5,6,2,9,5,3,6,2,5
239:4,6,8,4,3,8,3,9,7,9,1,1,4,9,6,1,5,5,4,8,3,8,2,8,8,2,8,2,2,6
240:5,3,1,2,8,4,9,2,9,2,7,7,4,3,6,7,4,7,9,7,8,3,2,4,1,4,9,9,6,1
241:3,1,8,4,4,4,9,9,3,9,3,6,1,8,3,9,7,3,7,9,7,2,1,3,2,8,2,9,3,4
242:4,8,1,7,9,3,8,7,5,6,8,4,9,8,5,6,7,5,7,1,1,5,2,7,2,1,9,6,9,1
243:5,7,1,8,7,3,6,3,2,4,7,7,8,7,9,4,6,2,5,2,3,6,4,1,9,9,5,5,7,2
244:4,2,1,9,1,9,2,5,3,6,9,9,8,5,2,7,3,6,3,4,5,5,4,2,1,7,3,4,1,8
245:4,4,6,4,4,7,4,3,6,6,1,5,9,1,2,2,9,5,1,7,9,8,4,3,9,1,1,7,5,1
246:5,3,1,2,8,4,9,2,9,2,7,7,4,3,6,7,4,7,9,8,8,3,2,4,1,4,9,9,6,1
247:8,4,9,5,9,7,9,1,9,5,3,9,1,3,9,7,9,9,7,7,8,9,8,9,4,9,5,1,1,6
248:7,9,8,3,2,3,4,5,1,1,6,2,8,5,3,8,2,4,8,5,6,2,3,4,1,2,6,8,8,9
249:5,1,7,9,3,2,3,4,9,3,2,9,6,6,9,4,7,3,7,2,6,9,4,1,9,8,2,1,3,5
250:8,1,7,2,4,7,6,1,9,1,8,8,4,9,1,1,2,1,4,2,2,6,4,3,8,7,7,8,5,2
251:4,4,6,4,4,7,4,3,6,6,1,5,9,1,2,2,9,5,5,7,9,8,4,3,9,1,1,7,5,1
252:3,7,6,2,8,4,4,9,9,3,8,6,8,1,1,6,6,2,5,9,5,4,4,9,2,8,4,9,8,4
253:9,1,8,7,8,8,1,6,6,3,2,2,1,1,6,9,6,8,7,7,3,4,5,7,1,2,7,2,7,4
254:5,8,6,3,5,2,6,5,6,5,5,4,5,4,2,6,1,8,1,3,6,2,6,1,1,8,3,6,1,8
255:3,7,8,8,4,2,7,4,3,9,6,1,3,8,8,3,2,8,4,3,8,7,4,2,9,8,4,2,6,4
256:4,6,2,2,4,7,4,1,9,5,5,9,8,3,5,5,1,8,9,6,1,3,4,3,8,9,9,7,3,7
257:9,3,2,9,1,4,3,6,6,8,3,1,5,4,9,3,5,9,1,7,5,3,5,9,6,8,8,7,4,3
258:3,7,4,7,5,6,5,2,5,6,5,1,5,5,6,6,1,7,1,7,7,6,7,9,5,5,4,2,5,5
259:2,7,7,6,9,3,3,1,7,5,3,4,4,2,1,4,9,3,9,9,2,2,1,8,2,4,1,3,5,9
260:7,2,7,6,4,3,4,5,9,6,6,9,4,4,1,7,7,7,7,8,6,8,3,3,1,6,8,1,4,1
261:9,8,6,7,5,3,6,8,4,6,5,8,2,2,9,2,9,7,9,1,9,5,7,1,2,2,7,9,9,6
262:5,9,2,3,1,5,6,6,3,8,3,8,9,9,3,4,4,9,6,7,1,8,4,8,2,7,6,8,4,7
263:6,7,9,1,5,8,3,3,3,8,9,3,2,9,7,8,7,5,8,2,1,2,8,2,7,5,2,6,1,2
264:6,5,8,5,3,1,9,8,7,1,7,8,8,7,2,6,9,4,3,8,5,7,3,5,2,6,3,8,4,6
265:6,6,9,7,5,1,4,6,5,5,2,5,3,4,9,7,2,3,2,4,5,7,3,6,4,4,6,1,8,7
266:4,4,4,6,9,8,5,9,3,9,1,6,8,5,4,5,1,3,3,7,9,2,3,3,2,1,4,4,7,3
267:5,9,2,3,1,5,6,6,3,8,3,8,9,9,3,4,4,9,6,7,1,8,4,8,2,7,6,8,4,7
268:2,6,2,2,8,8,3,8,4,2,2,8,6,8,5,1,6,1,2,2,9,1,7,8,2,8,3,4,7,6
269:7,9,7,6,9,4,8,8,6,1,8,8,1,2,2,9,9,8,1,4,9,6,7,4,3,4,1,5,8,3
270:8,4,8,7,4,4,9,6,3,2,9,4,7,1,6,8,8,1,9,1,1,9,1,1,3,9,6,5,5,3
271:1,2,2,6,7,7,1,6,7,4,8,7,7,1,1,6,9,9,6,2,1,4,9,8,1,6,7,7,8,4
272:1,5,4,4,9,2,8,6,5,4,9,1,6,1,8,2,4,1,3,8,8,5,5,6,3,4,9,7,1,9
273:8,7,2,2,9,2,9,6,1,8,3,5,6,6,9,9,4,8,2,3,5,9,8,8,6,4,9,4,8,1
274:7,9,7,6,9,4,8,8,6,1,8,8,1,2,2,9,9,8,1,4,9,6,7,4,3,4,1,5,8,4
275:6,9,2,7,5,7,4,7,8,3,8,8,6,9,2,4,3,3,3,8,4,5,3,9,4,6,5,7,7,6
276:5,2,2,2,5,2,8,8,4,9,3,8,1,1,2,7,2,9,6,1,7,1,8,4,4,5,9,6,4,9
277:2,1,2,3,6,5,3,8,8,3,6,2,2,4,9,5,3,5,1,5,8,9,9,3,1,1,2,1,3,4
278:6,8,9,5,6,5,3,6,4,5,1,4,2,8,7,4,9,6,8,9,9,6,7,9,4,6,2,1,4,2
279:3,3,4,4,3,1,8,5,4,2,6,4,8,3,4,9,4,8,8,9,4,1,1,1,3,5,7,3,4,5
280:6,2,6,5,5,3,3,9,6,6,9,3,7,5,2,3,2,8,6,4,9,7,1,1,8,7,1,6,1,5
281:5,2,8,7,8,5,5,1,5,2,3,9,3,5,6,5,3,6,3,7,5,8,2,9,5,6,5,7,1,6
282:2,6,9,7,5,1,4,6,5,5,2,5,3,4,9,7,2,3,2,4,5,7,3,6,4,4,6,1,8,8
283:3,4,6,3,8,3,8,5,8,8,3,8,1,6,5,1,2,8,1,8,4,6,4,7,3,9,8,5,3,3
284:4,5,2,3,3,4,3,1,6,5,5,4,4,6,6,1,8,9,9,2,2,5,6,3,4,8,2,4,1,7
285:7,9,6,6,5,7,1,2,4,2,2,8,9,5,3,4,4,2,4,2,9,1,9,7,7,9,2,6,6,4
286:5,2,1,9,6,5,2,2,2,6,9,9,9,2,8,1,4,7,3,2,8,7,4,5,5,5,8,5,4,5
287:1,8,6,4,4,4,9,5,2,1,2,4,5,5,5,5,1,4,3,2,9,3,7,3,2,9,5,7,7,7
288:6,5,2,1,1,4,1,2,8,3,8,1,9,1,5,7,5,3,1,3,3,5,2,3,6,7,9,6,1,1
289:6,2,6,5,5,3,3,9,6,6,9,3,7,5,2,1,2,8,6,4,9,7,1,1,8,7,1,6,1,5
290:1,9,5,7,2,6,2,5,5,4,3,9,6,3,8,1,9,8,7,2,5,8,9,7,5,2,9,4,6,3
291:7,2,1,5,5,7,7,6,7,6,6,1,4,4,4,7,5,5,6,3,1,6,9,1,1,7,3,6,2,3
292:7,5,2,4,4,6,9,1,9,5,6,5,5,4,2,7,8,5,4,4,5,7,7,3,1,8,3,1,7,6
293:1,2,1,7,7,4,5,9,3,9,9,7,9,8,4,3,4,6,1,1,3,8,8,4,1,7,2,6,2,8
294:6,4,2,3,7,7,9,4,2,8,5,2,1,5,3,8,8,7,9,8,2,6,9,4,6,7,3,9,8,5
295:6,5,2,7,5,7,2,4,9,8,8,2,2,8,6,2,9,2,7,9,8,1,5,8,7,8,9,4,2,9
296:9,3,4,9,3,6,1,1,3,1,7,9,1,6,8,2,3,1,7,4,6,7,5,6,8,6,7,6,5,6
297:5,5,4,7,7,6,4,2,5,5,6,5,5,5,5,5,6,5,8,3,9,4,2,9,5,1,9,4,9,6
298:6,8,5,9,4,9,9,1,6,5,1,9,3,2,1,5,4,7,1,9,8,9,8,4,9,4,8,9,1,6
299:9,9,5,9,4,3,2,6,4,9,7,8,9,8,8,3,9,2,6,9,2,2,5,5,8,6,2,9,5,5
300:4,2,4,5,9,4,3,1,3,9,3,8,7,9,6,1,6,6,3,5,5,6,5,9,4,8,5,1,8,7
301:9,1,7,8,5,1,7,1,5,7,4,9,1,5,3,7,3,3,1,3,8,2,9,4,2,6,5,9,6,5
302:6,9,8,6,9,5,5,7,6,1,4,5,2,9,3,9,2,3,5,5,9,3,7,8,8,5,8,5,6,2
303:1,4,6,6,7,6,1,8,2,1,9,2,2,7,6,8,3,7,2,9,1,6,8,8,2,9,9,1,3,5
304:4,1,7,5,9,6,7,6,4,6,6,3,4,5,2,7,9,4,1,7,9,3,7,7,3,1,6,7,1,6
305:1,1,2,5,8,3,5,9,9,8,5,9,1,2,8,4,8,8,9,9,3,8,5,9,6,4,8,4,4,2
306:1,9,7,9,4,7,2,1,4,4,3,2,4,5,1,8,8,4,5,9,3,8,7,4,7,6,7,1,3,6
307:9,1,1,3,4,5,9,1,1,4,8,9,2,1,3,1,5,5,7,5,7,3,3,9,1,8,2,6,1,1
308:2,6,9,7,5,2,3,9,5,1,3,5,3,5,1,8,8,6,2,2,1,4,1,5,4,3,5,2,1,6
309:1,8,6,4,4,4,9,5,2,1,2,4,5,5,5,6,1,4,3,2,9,3,7,3,2,9,5,7,7,7
310:3,1,4,3,8,1,6,9,3,6,8,6,6,1,6,5,1,9,2,1,7,5,5,7,6,2,3,9,5,7
311:5,8,4,5,5,7,9,5,6,6,2,1,4,5,7,6,6,5,6,9,2,9,8,5,6,4,5,4,3,5
312:8,7,3,8,4,6,5,6,2,2,1,5,2,8,5,8,5,6,7,4,8,3,8,6,3,9,6,9,3,7
313:7,9,5,8,3,7,1,8,9,8,8,2,8,8,9,8,1,3,5,8,5,8,3,6,8,4,2,3,4,2
314:3,1,8,4,4,4,9,9,3,9,3,6,1,8,3,9,7,3,7,9,7,2,1,3,2,8,4,9,3,1
315:9,2,2,4,5,7,6,5,2,1,7,4,5,5,1,6,3,2,7,5,1,1,6,9,1,3,5,5,1,2
316:6,6,5,2,9,1,4,6,9,5,7,4,2,5,1,3,5,7,9,7,3,7,3,2,6,6,3,2,6,4
317:6,6,5,2,9,1,4,6,9,5,7,4,2,5,1,3,5,7,9,7,3,7,3,2,6,6,3,2,6,8
318:7,9,6,6,5,7,1,2,4,2,2,8,9,5,3,4,4,2,4,2,9,1,9,7,7,9,2,6,6,9
319:1,5,3,5,7,3,5,9,7,5,7,4,5,4,1,8,6,1,4,8,6,2,6,4,2,9,8,6,1,3
320:2,8,5,3,9,4,6,6,1,3,8,4,2,6,9,4,3,9,8,8,8,2,6,6,2,8,4,9,9,4
321:1,2,1,7,7,4,2,9,3,9,9,7,9,8,4,3,4,6,1,1,3,8,8,4,1,7,2,6,2,8
322:7,9,5,8,3,7,1,8,9,8,8,2,8,8,9,8,1,3,5,8,5,8,3,6,8,4,2,4,4,8
323:6,8,8,6,1,6,9,7,3,8,5,8,9,6,4,7,1,2,9,2,8,4,3,1,6,6,2,9,1,9
324:9,2,9,8,6,2,7,6,9,1,9,7,2,6,6,2,7,9,4,1,6,4,3,1,3,5,5,9,3,2
325:6,1,6,7,8,9,2,9,3,1,9,7,4,6,2,5,8,7,8,9,5,3,2,9,3,8,1,5,3,4
326:6,6,5,2,9,1,4,6,9,5,7,4,9,5,1,3,5,7,9,7,3,7,3,2,6,6,3,2,6,4
327:1,1,5,4,3,5,2,1,2,1,9,3,9,8,9,7,4,3,9,1,8,3,9,2,1,6,1,7,3,3
328:3,1,4,3,8,1,6,9,3,6,8,6,6,1,5,5,1,9,2,1,7,5,5,7,6,2,3,9,5,2
329:6,8,9,5,6,5,3,6,4,5,1,4,2,8,7,4,9,6,8,9,9,6,7,9,4,6,2,1,4,3
330:1,5,4,4,1,3,8,8,6,1,5,4,2,2,6,1,2,9,9,7,1,4,4,8,5,2,2,4,3,6
331:4,6,8,8,4,7,8,6,1,5,8,8,2,2,9,3,9,1,9,7,3,7,4,8,8,9,4,4,2,9
332:5,1,8,4,4,9,7,4,3,1,2,7,6,9,8,4,3,5,1,9,5,7,8,6,9,2,4,2,6,8
333:5,9,7,3,5,2,5,5,8,9,1,5,6,3,6,5,3,5,5,2,3,3,7,3,1,8,4,3,8,3
334:8,9,1,8,2,4,1,5,2,9,4,9,3,5,2,3,8,9,5,9,9,6,9,8,9,1,7,2,5,8
335:8,9,1,8,2,4,8,5,2,9,4,9,3,5,2,3,8,9,5,9,9,6,9,8,9,1,7,2,5,8
336:7,6,9,6,4,9,4,7,3,9,4,7,1,9,7,1,9,7,3,6,6,5,6,3,2,2,4,7,1,3
337:9,3,9,8,1,2,8,9,3,1,8,9,1,1,5,8,4,4,1,8,4,3,9,7,8,6,9,5,1,5
338:1,9,6,2,2,5,6,5,9,7,6,5,7,6,1,6,7,3,4,9,5,9,3,1,9,6,5,5,4,2
339:7,9,7,3,4,7,5,7,7,8,6,3,4,2,7,6,6,9,8,6,6,2,1,5,4,8,5,7,3,6
340:9,1,1,6,4,2,8,7,4,7,4,4,2,5,3,4,9,5,9,8,9,2,7,8,5,1,2,6,6,8
341:7,9,9,8,7,7,3,7,4,8,5,1,6,5,3,9,5,8,8,8,8,7,3,8,7,4,5,2,7,7
342:1,1,2,3,1,3,5,7,4,1,5,6,6,4,5,7,1,6,7,8,8,2,8,7,3,8,4,2,2,7
343:2,3,9,8,2,9,4,3,5,7,1,7,9,9,4,9,9,9,5,5,4,3,4,6,9,7,9,5,6,5
344:1,4,4,8,7,9,9,8,3,9,1,8,8,9,7,4,6,7,6,5,6,8,3,9,1,9,1,6,2,6
345:8,3,2,5,8,5,9,5,3,1,4,6,2,4,1,8,2,3,3,6,6,7,8,8,2,9,8,4,4,4
346:4,8,5,2,1,3,5,2,3,2,7,1,8,2,2,1,1,4,2,1,5,4,8,1,5,5,5,2,8,6
347:2,5,1,5,9,2,3,5,9,3,1,3,6,1,8,7,4,7,2,6,5,7,6,5,2,1,2,8,8,6
348:3,1,9,7,9,5,4,7,2,7,3,5,9,4,5,9,1,9,1,9,5,2,4,8,9,6,1,6,2,1
349:6,7,9,1,5,8,3,3,3,8,9,3,2,9,7,8,7,5,8,2,1,2,8,2,7,5,2,6,1,9
350:2,7,5,3,6,1,5,6,5,8,1,3,2,1,5,4,8,1,9,3,8,3,8,8,6,9,5,3,4,4
351:5,5,1,6,8,9,6,8,3,8,2,2,9,4,8,8,6,1,4,5,7,6,6,3,3,1,6,5,8,4
352:8,4,8,7,4,4,9,6,3,2,9,4,7,1,6,8,8,1,9,1,1,9,1,1,3,9,6,5,5,6
353:7,6,3,9,2,1,1,1,8,7,1,2,1,5,1,4,3,4,3,3,3,9,2,7,9,2,6,5,8,3
354:1,6,9,6,8,8,4,5,5,7,2,3,9,2,2,3,7,7,1,9,9,7,3,8,4,4,1,5,1,1
355:1,3,3,3,3,5,4,5,1,4,9,5,4,5,1,8,6,1,3,1,6,4,8,2,1,8,9,2,4,6
356:9,8,4,5,6,8,1,7,2,3,7,3,1,5,6,8,9,7,7,7,8,9,8,1,3,8,9,8,6,7
357:3,7,2,3,9,2,4,4,4,6,4,7,4,4,5,9,1,3,8,2,4,8,6,7,7,4,8,3,7,4
358:3,5,8,5,6,2,7,4,5,1,8,9,1,5,1,3,7,2,1,5,6,4,1,5,6,4,7,2,7,9
359:2,8,9,2,6,8,2,6,3,4,5,3,4,1,9,5,1,6,7,2,6,7,2,4,4,6,5,3,3,6
360:8,7,3,8,4,6,5,6,2,2,1,5,2,8,5,8,5,6,7,4,8,3,8,6,3,9,6,9,3,5
361:1,9,5,7,2,6,2,5,5,4,9,9,6,3,8,1,9,8,7,2,5,8,9,7,5,2,9,4,6,4
362:6,9,3,9,3,6,1,6,2,2,9,4,8,1,1,5,1,2,3,5,4,1,4,4,8,9,4,8,4,8
363:4,9,7,5,8,2,5,2,3,2,2,2,8,8,9,6,5,2,2,3,3,3,9,2,1,2,7,2,1,9
364:2,7,7,6,5,3,3,1,7,5,3,4,4,2,1,4,9,3,9,9,2,2,1,8,2,4,1,3,5,9
365:5,7,3,1,8,9,9,8,4,4,8,9,7,7,8,9,7,1,9,7,9,2,9,7,6,3,2,4,3,2
366:6,9,3,9,3,1,1,6,2,2,9,4,8,1,1,5,1,2,3,5,4,1,4,4,8,9,4,8,4,9
367:5,5,4,7,7,6,4,2,5,5,6,5,5,5,5,5,6,5,8,3,9,4,2,9,5,1,9,4,9,6
368:3,1,9,7,9,5,4,7,2,7,3,5,9,4,5,9,5,9,1,9,5,2,4,8,9,6,1,6,2,4
369:7,8,1,8,2,8,6,5,7,1,2,7,5,5,3,8,8,5,8,1,3,6,9,7,1,9,7,7,7,8
370:1,7,6,4,7,4,9,3,4,5,6,2,1,7,1,2,7,5,2,6,7,5,6,3,4,4,8,6,1,9
371:8,2,7,4,4,6,2,6,5,9,8,3,3,7,8,3,4,6,6,5,7,9,2,6,9,6,5,7,9,4
372:8,4,7,1,5,5,5,7,4,6,5,3,9,6,6,1,2,2,1,4,2,8,4,1,4,4,9,3,1,2
373:1,5,4,4,1,3,8,8,6,1,5,4,2,2,6,1,2,9,9,7,1,4,4,8,5,2,2,4,3,2
374:8,2,7,4,4,6,2,6,5,9,8,3,3,7,8,3,4,6,6,5,3,9,2,6,9,6,5,7,9,4
375:4,6,7,1,6,1,2,1,4,6,7,2,9,1,4,9,3,2,4,4,8,9,4,4,7,9,3,8,7,2
376:4,6,9,5,3,6,8,8,5,7,8,8,5,3,9,2,2,3,4,7,7,7,3,7,8,4,3,1,7,4
377:3,1,8,6,4,8,8,3,3,3,2,6,6,8,8,9,8,8,8,5,7,5,5,5,9,4,9,9,4,8
378:8,5,5,4,1,9,8,8,1,8,8,4,8,6,6,9,8,4,8,8,9,2,2,6,3,3,5,3,6,4
379:1,5,3,5,7,3,5,9,7,5,7,4,5,4,1,8,6,1,4,8,6,2,6,4,4,9,8,6,1,9
380:6,3,5,4,3,2,4,2,5,9,3,2,7,5,4,7,6,5,2,8,2,8,9,9,3,9,2,1,5,1
381:4,2,7,7,6,1,8,1,5,5,1,6,9,6,7,3,4,3,4,5,4,4,8,9,5,4,9,8,1,4
382:8,4,7,9,2,8,5,9,2,8,3,8,8,3,4,8,5,5,5,6,4,9,9,9,3,8,4,5,8,5
383:7,9,1,8,6,5,1,5,5,7,7,5,3,3,3,5,2,6,9,1,7,8,6,5,6,5,5,6,8,4
384:2,1,2,3,6,5,3,8,8,3,6,2,2,4,9,5,3,5,1,5,8,9,9,3,1,1,2,1,3,7
385:7,9,9,8,7,7,3,7,4,8,5,1,6,5,3,9,5,8,8,8,8,7,3,8,7,4,5,2,7,9
386:2,7,5,2,8,8,8,8,5,3,3,4,4,6,3,2,1,5,9,1,2,7,6,1,5,2,6,3,5,1
387:2,3,4,5,7,9,3,4,2,1,2,2,6,9,5,2,9,7,9,9,7,7,4,8,1,1,5,7,7,2
388:1,5,2,9,1,9,8,4,9,7,2,4,4,3,6,6,5,7,5,7,2,8,7,4,8,1,1,8,6,6
389:9,8,6,7,5,3,6,8,4,6,5,4,2,2,9,2,9,7,9,1,9,5,7,1,2,2,7,9,9,6
390:7,9,4,3,3,9,6,2,6,3,6,5,4,4,1,7,5,5,3,6,2,4,9,9,8,1,8,3,5,3
391:5,6,7,5,3,9,5,8,5,6,3,6,5,5,4,1,6,4,6,7,6,5,3,2,3,6,6,4,2,5
392:7,9,7,3,4,7,5,7,7,8,6,3,4,2,7,6,6,9,8,6,6,2,1,5,4,8,5,7,3,8
393:1,9,5,7,2,6,2,5,5,4,9,9,6,3,8,1,9,8,7,2,5,8,9,7,5,2,9,4,6,3
394:9,6,7,6,4,4,1,2,5,3,3,6,1,9,3,6,7,8,4,3,3,1,3,4,7,8,7,2,8,7
395:1,9,9,9,4,9,4,3,8,1,5,6,5,9,1,7,7,5,2,5,7,9,8,1,7,1,9,7,5,9
396:3,1,3,3,9,4,2,5,4,7,5,1,6,6,5,6,2,8,2,8,8,1,2,2,9,6,8,8,2,1
397:7,3,2,1,5,4,5,2,3,1,8,2,6,1,3,7,1,8,2,8,4,5,4,6,2,1,9,7,2,6
398:5,6,7,5,3,9,5,8,5,6,3,6,5,5,4,1,6,4,6,7,6,5,3,2,3,6,6,4,2,4
399:1,3,6,5,1,8,1,1,9,7,7,1,1,9,2,5,3,7,5,5,9,2,6,9,6,9,6,4,4,6
400:9,9,9,7,1,5,5,3,3,6,5,9,1,8,5,1,8,6,9,1,4,5,3,7,1,5,4,3,9,9
401:7,4,7,7,3,1,2,3,2,6,5,2,6,3,8,7,4,8,7,8,4,7,2,6,2,3,1,4,1,1
402:7,7,6,5,3,8,6,2,9,7,6,3,4,7,1,7,5,1,8,1,1,5,8,2,1,9,8,5,6,2
403:3,6,1,8,9,7,1,1,2,6,4,1,3,7,5,3,6,5,1,5,2,6,7,2,5,7,3,2,7,8
404:5,4,1,2,3,8,2,7,8,2,7,3,1,7,7,5,3,3,9,6,2,6,3,2,3,9,4,9,6,9
405:3,6,3,1,6,7,4,6,1,4,7,2,1,2,4,4,5,2,3,5,5,2,3,9,8,9,8,5,9,3
406:5,9,2,4,1,4,2,7,8,7,6,7,6,3,6,3,2,9,6,2,2,4,4,5,7,5,7,3,1,4
407:5,8,7,9,5,3,2,7,1,7,4,1,1,1,3,3,2,4,2,1,7,8,5,6,9,4,5,9,9,9
408:5,6,8,1,9,2,6,2,4,5,4,1,2,5,4,9,4,8,4,6,4,9,6,5,8,6,5,6,1,6
409:2,6,2,1,8,7,9,9,6,9,4,8,4,9,2,4,2,4,3,2,7,2,5,8,8,6,6,9,3,3
410:6,5,8,1,6,2,9,4,1,2,8,2,9,5,9,4,3,5,5,8,6,6,9,8,6,3,6,4,8,9
411:9,7,3,8,1,4,6,7,8,1,6,9,7,6,5,8,3,1,9,8,7,6,2,6,5,5,9,2,5,3
412:1,9,2,4,3,3,1,2,9,9,1,7,5,3,7,7,2,1,7,3,9,3,9,8,8,2,8,7,7,1
413:6,5,2,1,1,4,1,2,8,3,8,5,9,1,5,7,5,3,1,3,3,5,2,3,6,7,9,6,1,8
414:6,4,6,7,9,1,2,4,8,2,3,6,9,6,7,3,8,7,9,1,3,4,2,1,7,5,2,7,4,4
415:9,1,1,3,9,6,7,4,4,9,5,8,6,8,7,8,6,2,8,8,1,6,3,6,6,7,2,2,4,7
416:4,3,7,1,8,6,7,3,9,6,9,5,6,2,7,3,6,9,2,7,9,4,1,5,6,6,7,2,5,6
417:3,5,6,1,4,6,6,2,3,2,8,5,2,4,5,5,6,2,5,1,4,4,3,4,2,9,7,5,5,2
418:1,2,9,8,9,7,9,8,2,6,9,8,4,1,3,5,2,7,8,6,5,4,1,6,1,8,9,3,1,9
419:1,7,6,4,7,4,9,3,4,5,6,2,1,7,1,2,7,5,2,6,7,1,6,3,4,4,8,6,1,2
420:1,7,6,4,7,4,9,3,4,5,6,2,1,7,1,2,7,5,2,6,7,5,6,3,4,4,8,6,1,2
421:7,1,3,9,4,1,6,3,3,6,2,3,9,2,7,3,4,1,8,9,8,1,2,7,9,5,4,9,9,9
422:6,1,6,7,8,9,2,9,3,1,9,7,4,6,2,5,8,7,8,9,5,3,2,9,3,8,1,5,1,4
423:5,5,4,7,2,6,4,2,5,5,6,5,5,5,5,5,6,5,8,3,9,4,2,9,5,1,9,4,9,6
424:2,6,9,7,5,1,4,6,5,5,2,5,3,4,9,7,2,3,2,4,5,7,3,6,4,4,6,1,8,7
425:3,8,1,1,3,9,7,7,9,5,9,5,8,9,7,8,7,9,8,2,1,5,1,4,8,2,8,2,1,8
426:3,7,5,6,1,9,2,4,2,7,2,4,9,1,2,9,2,2,2,4,8,8,6,4,9,4,3,8,6,7
427:9,3,2,9,1,4,3,3,6,8,3,1,5,4,9,3,5,9,1,7,5,3,5,9,6,8,8,7,4,3
428:4,5,5,1,5,2,9,3,4,6,8,7,2,9,9,2,2,6,4,2,5,3,2,4,4,3,7,8,2,9
429:2,4,6,3,6,2,8,4,1,3,2,1,1,7,7,4,1,2,6,2,9,3,7,4,7,9,3,5,1,6
430:8,9,1,8,2,4,1,5,2,9,4,9,3,5,2,3,8,9,5,9,9,6,9,8,9,1,7,2,5,2
431:2,9,2,3,1,9,3,3,3,3,9,5,1,4,5,4,3,4,6,9,5,1,3,1,5,6,9,5,5,2
432:6,8,2,2,2,2,2,3,6,7,2,7,5,3,1,4,7,4,4,8,3,9,8,5,8,2,1,5,4,2
433:3,2,6,5,7,7,4,3,5,9,6,4,6,1,8,9,3,9,3,7,4,7,6,4,5,3,8,8,6,5
434:9,1,6,5,4,7,1,7,6,5,6,7,8,4,4,4,9,5,7,9,1,5,2,4,7,3,3,6,1,9
435:4,9,7,5,8,2,5,2,3,2,2,2,8,8,9,6,5,2,2,3,3,3,9,2,1,2,7,2,1,8
436:3,5,3,4,6,7,5,6,3,1,6,2,8,1,8,9,1,2,3,7,2,3,6,7,9,9,6,3,6,4
437:3,3,1,5,9,2,4,2,6,8,1,3,5,5,7,9,8,8,1,6,9,4,4,5,1,7,5,1,2,3
438:3,1,8,6,4,8,8,3,3,3,2,6,6,8,8,9,7,8,8,5,7,5,5,5,9,4,9,9,4,2
439:1,2,4,8,6,3,5,9,4,9,3,7,6,5,4,6,5,8,3,7,8,6,2,2,5,6,4,9,4,7
440:3,8,7,9,4,9,7,1,5,2,2,4,7,3,9,5,8,3,1,1,3,2,4,8,4,4,7,8,3,1
441:1,5,4,4,1,3,8,8,6,1,5,4,2,2,6,1,2,9,3,7,1,4,4,8,5,2,2,4,3,6
442:4,4,6,4,1,2,1,7,3,9,8,9,6,8,9,5,9,2,2,4,4,9,8,8,5,1,5,5,2,7
443:5,9,2,3,1,5,6,6,3,8,3,8,9,9,3,4,4,9,6,7,1,8,4,8,2,7,6,8,4,9
444:9,1,1,6,4,2,8,7,4,7,4,4,2,5,3,4,9,5,9,8,9,2,7,8,5,1,2,6,6,9
445:1,2,9,8,9,7,9,8,2,6,9,8,4,1,3,5,2,7,8,6,5,4,1,6,1,8,9,3,1,6
446:7,5,2,5,9,3,4,4,7,3,9,7,4,5,3,7,3,8,3,8,7,7,6,8,8,9,6,1,1,8
447:2,3,3,8,1,6,1,1,4,4,1,1,1,9,4,1,5,7,3,1,2,9,2,1,8,3,6,4,3,9
448:1,1,3,4,1,4,3,5,3,1,3,4,5,7,1,2,6,9,4,9,4,5,6,2,4,4,9,7,1,2
449:9,1,8,3,1,2,5,4,4,6,9,2,4,8,1,4,2,1,6,1,6,9,7,7,3,2,7,2,2,1
450:3,3,2,6,6,6,7,8,1,6,1,7,6,9,9,5,6,5,4,2,3,8,1,2,8,9,5,7,3,3
451:3,5,3,8,6,2,5,2,4,8,1,6,6,3,5,5,9,4,4,9,5,6,1,1,7,9,1,9,1,8
452:9,8,6,4,3,9,5,4,8,3,2,3,3,9,7,5,3,6,3,4,3,5,3,1,9,5,2,3,9,6
453:8,2,7,4,4,6,2,6,5,9,8,3,3,7,8,3,4,6,6,5,7,9,2,6,9,6,5,7,9,9
454:9,4,3,5,9,4,4,7,4,5,9,9,7,5,6,4,4,9,7,3,6,4,1,5,1,1,3,5,7,6
455:9,3,7,2,4,5,1,8,5,8,2,6,6,9,8,6,4,2,5,2,5,5,2,5,8,3,4,6,2,2
456:5,5,9,1,2,6,8,1,6,7,7,1,9,4,4,2,2,4,9,8,9,9,2,8,7,4,6,7,9,3
457:6,1,6,7,8,9,2,9,3,1,9,7,4,6,2,5,8,7,8,9,5,3,2,9,3,8,1,5,1,7
458:3,5,5,5,5,4,3,1,5,7,5,4,6,5,7,4,3,7,6,3,7,3,3,4,1,5,9,6,8,4
459:1,1,8,9,6,1,2,3,3,7,4,3,5,4,5,8,3,6,6,8,8,9,3,1,5,6,4,3,9,2
460:6,4,6,7,9,1,2,4,8,2,3,6,9,6,7,1,8,7,9,1,3,4,2,1,7,5,2,7,4,4
461:2,6,8,5,5,6,1,9,1,3,3,1,8,6,8,4,6,1,6,2,7,2,2,8,5,9,6,9,8,1
462:9,1,8,7,8,8,1,6,6,3,2,8,1,1,6,9,6,8,7,7,3,4,5,7,1,2,7,2,7,4
463:3,1,4,3,8,1,6,9,3,6,8,6,6,1,5,5,1,9,2,1,7,5,5,7,6,2,3,9,5,7
464:9,2,3,1,3,4,2,4,8,5,1,3,2,8,5,1,1,8,6,1,5,3,3,9,2,8,9,5,7,7
465:6,6,4,4,5,6,6,8,7,3,2,3,4,2,7,1,9,7,6,3,8,3,5,6,8,4,8,4,4,5
466:4,1,7,9,3,2,3,4,9,3,2,9,6,6,9,4,7,3,7,2,6,9,4,1,9,8,2,1,3,5
467:7,8,3,2,2,4,9,7,5,7,2,1,7,8,7,8,1,2,2,4,9,6,9,4,3,9,4,2,4,2
468:8,6,3,8,4,9,7,5,3,7,1,8,3,9,8,7,1,5,4,4,7,2,3,7,4,5,6,9,1,6
469:9,1,4,9,4,4,8,7,2,3,2,3,4,1,8,3,8,4,6,2,3,9,5,6,9,8,3,8,3,7
470:5,4,4,3,3,5,2,8,7,3,9,7,8,8,3,3,1,1,6,6,2,1,3,5,1,1,5,4,5,4
471:5,5,6,1,9,5,2,3,6,9,7,7,4,9,3,1,6,3,7,1,9,3,8,6,6,1,2,4,4,5
472:5,9,1,6,3,7,7,9,7,7,2,4,7,6,3,9,3,9,1,6,5,1,4,3,9,3,2,2,9,1
473:2,7,5,1,7,8,7,6,1,9,3,1,2,2,2,5,4,1,7,6,2,5,8,8,5,9,5,6,4,2
474:2,6,3,3,7,2,2,4,5,4,9,4,7,6,7,9,3,6,7,4,3,2,4,8,7,1,2,1,4,2
475:2,7,7,6,3,1,8,5,8,9,6,2,1,5,3,2,1,8,7,7,8,3,1,9,4,1,9,7,2,4
476:7,6,3,9,2,1,1,1,8,7,1,2,1,5,1,4,3,4,3,3,3,9,2,7,9,2,6,5,8,5
477:1,2,1,7,7,4,2,9,3,9,9,7,9,8,4,3,4,6,1,1,3,8,8,4,1,7,2,6,2,3
478:9,1,1,6,4,2,8,7,4,7,4,4,2,5,3,4,9,5,9,8,2,2,7,8,5,1,2,6,6,8
479:5,7,9,5,3,7,7,9,7,7,1,7,8,9,7,6,1,3,6,7,1,3,6,2,1,4,6,6,4,5
480:9,1,3,1,7,3,9,4,4,4,4,1,1,5,4,8,1,6,1,1,5,3,9,3,2,9,9,3,9,8
481:1,8,7,6,4,5,6,7,9,7,5,5,1,5,1,5,9,3,4,5,9,3,2,4,5,3,7,8,9,4
482:9,1,8,7,8,8,1,6,6,3,2,8,1,1,6,9,6,8,7,7,3,4,5,7,1,2,7,2,7,2
483:3,1,4,6,3,5,2,6,3,4,5,4,2,3,9,4,3,2,3,4,9,7,1,5,7,7,1,1,9,6
484:5,7,9,5,3,7,7,9,7,7,1,7,8,9,7,6,1,3,6,7,1,3,6,2,1,4,6,6,4,2
485:4,1,7,5,9,6,7,6,4,6,6,3,4,5,2,7,9,4,1,7,9,3,7,7,3,1,6,7,1,4
486:4,8,5,1,7,1,9,3,4,1,6,7,7,9,4,7,5,7,5,1,9,5,8,7,2,3,3,3,8,9
487:4,1,7,5,9,6,7,6,4,6,6,3,4,5,2,7,9,4,1,7,9,3,7,7,3,6,6,7,1,4
488:4,4,8,4,7,7,9,9,6,5,2,3,9,7,7,1,4,8,9,9,4,5,1,6,9,3,6,1,5,3
489:8,3,1,9,8,3,9,8,4,6,1,3,1,3,3,4,3,1,1,1,2,9,6,2,5,3,9,5,9,1
490:3,7,8,8,4,2,7,4,3,9,6,1,3,8,8,3,2,8,4,3,8,7,4,2,9,8,4,2,6,3
491:9,1,3,3,3,9,1,5,3,9,9,9,1,8,4,5,9,4,9,3,9,8,9,3,9,9,6,7,3,7
492:9,2,8,2,8,2,7,2,4,8,5,4,3,4,1,6,6,4,4,2,1,5,9,5,9,3,8,9,7,4
493:1,2,7,9,5,4,1,5,9,1,8,8,3,9,3,2,2,8,9,6,6,7,3,3,2,4,9,1,7,7
494:3,8,9,2,1,1,4,3,1,9,3,3,7,6,7,4,8,7,8,3,1,2,5,9,5,8,5,4,4,7
495:4,5,5,1,5,2,9,3,4,6,8,7,2,9,9,2,2,6,4,2,5,3,5,4,4,3,7,8,2,7
496:5,1,7,9,3,2,3,4,9,3,2,9,6,6,9,4,7,3,7,2,6,9,4,1,9,8,2,1,3,6
497:1,2,8,4,4,2,7,7,8,4,9,7,1,8,4,6,6,5,5,5,9,6,1,7,5,6,6,5,4,1
498:4,3,7,1,8,6,7,3,9,6,9,5,6,2,7,3,6,9,2,7,9,9,1,5,6,6,7,2,5,6
499:6,9,8,6,9,5,5,7,6,1,4,8,2,9,3,9,2,3,5,5,9,3,7,8,8,5,8,5,6,2
500:8,1,5,3,9,1,1,8,2,1,8,3,5,1,5,1,6,3,2,2,5,2,4,4,3,8,4,5,5,4
